Jawa Barat

lat  : -6.968956
lang : 107.904789
Radius : 120 Km

lat2 : -7.2163
lang2 : 108.149713
Radius : 140 Km

lat3 : -6.92712
lang3 : 107.603112
Radius : 60 Km

Jawa Timur

lat : -9.223029
lang : 112.488834
Radius : 190 Km

Jawa Tengah

lat : -7.413807
lang : 109.906152
Radius : 140 Km

DKI

lar : -6.44776
lang : 106.982778
Radius : 120 Km



